3,2
3,1
3,3
10,30
10,16
10,66
96,3
10,100
96,2
96,1
96,0
95,3
10,198
95,2
95,1
95,0
92,3
10,248
10,2
10,3
92,2
92,1
92,0
91,3
11,24
11,9
11,10
11,17
91,2
9,7
9,4
9,1
9,6
91,1
91,0
90,3
9,2
90,2
90,1
90,0
89,3
89,2
9,3
89,1
89,0
88,3
8,12
8,4
8,6
88,2
88,1
88,0
87,3
8,16
8,2
8,3
87,2
87,1
87,0
86,3
86,1
85,3
85,1
84,3
84,1
83,3
83,1
82,3
82,1
81,3
81,2
81,1
80,5
80,4
80,3
80,2
80,1
76,4
76,3
76,1
20,3
20,2
20,1
19,3
19,2
19,1
12,3
12,2
12,1
11,28
11,27
11,26
11,22
11,21
11,20
11,19
11,13
11,5
11,3
